7599
31545
21458
14849
9081
22457
8284
24522
10006
60258
9049
10469
26949
6187
8894
212247
9689
8517
6746
12972
16777
11758
8727
9700
6209
7259
6843
15145
6242
24395
55532
7182
68409
27772
12781
10988
18089
40215
16243
10162
14125
8908
36295
13729
7902
14409
10963
8358
6790
14459
17883
25802
84353
8913
15815
188226
12444
12250
14109
9055
7362
6447
13528
11939
6438
6081
10779
46450
8769
6021
15169
194675
6189
6601
200481
12457
11091
20734
13614
24709
6627
29171
6677
21155
14700
22699
13573
37540
7933
7143
10325
35317
22312
9606
9806
10744
13744
6167
14748
19814
17710
9144
7557
29351
24633
8552
7806
12703
16012
60211
6257
6130
17398
33064
19138
20702
96122
8529
14096
8993
9453
34124
9008
11175
7661
301010
19482
6415
12964
32469
32406
7850
7568
8245
14923
6304
8364
7570
6515
8900
6662
8197
8849
197706
87351
80621
76565
72210
66810
64490
61464
45332
41613
35673
33625
30407
30014
28993
28808
27688
27465
25627
25423
23983
23070
19625
18352
17804
15944
14884
14823
13130
12807
12321
12278
11569
11489
11320
11193
10826
10649
10497
10004
9696
9391
9263
9132
8334
8150
7971
7783
7320
7249
7201
7174
6998
6749
6748
6477
6474
1537058
527972
464704
254276
239277
237517
230512
186030
172816
166934
126275
100105
93400
81338
81321
79646
75664
68785
66795
59470
59243
53103
51478
50796
47442
43806
42018
41075
40958
39888
39532
39364
38131
37499
33532
32236
31091
30649
28549
27749
27547
26912
26265
24535
23573
21700
21391
20407
19982
18962
16901
16744
16738
16419
15245
14952
14912
14797
14364
14341
13975
13663
13318
12209
12192
12134
11958
11873
11605
11595
11097
11019
10841
10475
10281
10208
10159
9744
9614
9604
9563
9355
9036
8799
8611
8370
8247
7569
7440
7375
6929
6685
6646
6584
6542
6405
6147
6106
6050
3928864
1381069
1015785
952352
852469
515986
486883
485199
473577
413775
376527
368759
346997
334909
327431
326450
319504
302389
298389
260988
250207
248531
238434
228758
215213
209286
205437
204950
202976
200809
200167
193712
192980
190588
181557
178968
175078
174558
174305
174170
171490
169089
163553
161486
161043
158279
156830
156677
154612
153969
153350
150243
149980
148495
140881
139812
139677
134363
129342
129281
128615
127522
126871
126496
122192
121901
120228
118853
116631
114172
112784
112299
112225
111905
111125
110971
110873
109484
109428
108930
108565
108455
108400
108368
107096
106094
105368
103410
103091
102893
102741
102189
98597
98079
97209
96312
95856
93311
93271
92987
92929
92749
92186
92068
91593
91593
91196
89351
89180
89014
87583
87572
87318
87266
86870
86145
85841
85633
85569
85182
84723
83105
83032
82881
82330
81743
81653
80621
80148
80011
79378
78236
78216
77682
77660
77119
77005
76043
75361
75332
73756
73672
73621
73494
71839
71595
71245
70622
70591
69740
68149
68140
67826
67673
67009
66955
66923
66742
65773
65448
65326
64235
63950
63929
63605
63387
63364
62254
62066
61867
61762
61458
61388
60668
60395
60344
60343
60029
59953
59362
59297
59237
59177
58405
58232
57432
57156
57052
57019
57016
57010
56784
55466
55406
55065
55005
54947
54695
54651
54172
54053
54038
53437
53111
53096
52651
52533
52397
51847
51775
51442
51202
50231
50004
49848
49459
49359
49240
49002
48993
48799
47513
47343
46854
46730
46490
45902
45770
44723
44132
44013
43909
43763
43146
43009
42777
42751
42726
42694
42277
42262
42108
42068
41508
41119
40735
40720
40519
39964
39799
39691
39224
39088
38719
38465
38309
38073
37567
37415
37126
37086
36334
36296
36282
36217
36054
35983
35883
35881
35550
35377
34871
34637
34497
34280
34182
34169
34116
33960
33442
33309
33121
32754
32728
32684
32384
32288
31853
31656
31287
31001
30972
30912
30797
30769
30735
30534
30441
30298
30288
30244
30214
30050
29803
29595
29530
29256
29134
29022
28905
28837
28726
28564
28450
28330
28276
28205
28164
28033
27937
27930
27414
27149
27073
26959
26925
26511
26449
26303
26156
25902
25820
25540
25473
25426
25336
25186
25086
24917
24910
24898
24878
24836
24817
24810
24662
24599
24587
24296
24291
24283
24007
23853
23851
23798
23667
23498
23452
23436
23341
23096
23067
22980
22822
22815
22753
22703
22681
22636
22535
22139
22006
21930
21925
21898
21854
21699
21561
21529
21485
21349
21212
21208
20843
20817
20776
20768
20764
20662
20648
20631
20583
20569
20551
20470
20402
20292
20199
20075
19891
19653
19488
19258
19246
19164
19142
19100
19015
19003
18909
18762
18510
18228
18150
17982
17908
17773
17730
17560
17559
17557
17537
17418
17270
17158
17063
16929
16895
16811
16714
16452
16415
16297
16220
16057
15977
15966
15922
15911
15792
15677
15608
15601
15543
15536
15420
15411
15379
15187
15177
15151
15135
15120
15106
15089
14990
14966
14948
14874
14866
14728
14687
14670
14624
14578
14570
14557
14403
14394
14347
14304
14276
14236
14058
14057
13960
13815
13811
13809
13729
13722
13680
13671
13656
13605
13580
13505
13423
13352
13337
13308
13263
13236
13192
13076
13048
13022
12958
12878
12805
12676
12672
12669
12538
12519
12424
12414
12402
12371
12328
12325
12304
12231
11888
11858
11732
11716
11690
11656
11570
11565
11545
11541
11526
11467
11413
11412
11310
11286
11236
11227
11165
11075
11037
11017
11010
10912
10866
10807
10802
10786
10770
10755
10748
10735
10703
10652
10648
10644
10616
10613
10558
10556
10544
10399
10244
10209
10166
10146
10109
10003
10001
9916
9757
9756
9675
9644
9584
9472
9395
9379
9354
9329
9310
9291
9277
9242
9224
9216
9192
9163
9034
8965
8909
8884
8879
8866
8845
8796
8732
8729
8720
8679
8656
8592
8577
8569
8537
8485
8473
8440
8423
8396
8390
8318
8300
8289
8280
8269
8265
8262
8251
8220
8070
8070
8009
7931
7912
7715
7674
7659
7659
7652
7638
7627
7596
7564
7558
7543
7519
7512
7475
7438
7429
7414
7388
7361
7321
7302
7286
7282
7272
7271
7227
7198
7147
7135
7027
6995
6983
6957
6941
6911
6890
6871
6854
6830
6817
6806
6786
6777
6767
6728
6656
6646
6618
6578
6523
6498
6497
6485
6481
6447
6362
6325
6290
6266
6234
6220
6163
6149
6144
6094
6088
6043
6042
6032
663862
451811
445830
353108
329151
310409
201720
156480
149643
130307
113574
112090
108423
107201
105112
98596
96713
90237
72651
62138
60210
55747
51762
49857
48131
48097
44669
42682
38596
36765
32882
32480
32438
32005
31567
31034
29637
28255
27631
27081
24280
24039
23024
21106
20493
20473
20201
20112
19889
19045
18488
18287
17834
16337
16161
15385
14846
14629
13813
13545
13306
13116
12855
12761
12750
12449
12260
12178
11537
11329
11207
11120
10927
10796
10602
10517
10266
9840
9773
9675
9531
9488
9263
9099
9038
8962
8846
8741
8720
8685
8602
8415
8193
7783
7685
7675
7608
7559
7273
7194
7185
7160
6964
6900
6836
6805
6797
6755
6680
6611
6574
6572
6447
6423
6391
6165
6111
6101
6091
147612
130282
128278
124705
109307
88145
83784
72878
63268
61171
60960
60570
60293
59404
58241
54905
51857
51384
51252
47043
45135
44654
43069
41295
40178
36018
35190
34427
31659
31154
30562
29261
29257
29179
29044
28026
27374
26668
26543
26391
25709
25340
25268
24093
23511
22514
22375
20732
20486
19904
19866
19738
19709
19571
19517
19479
19159
18959
18269
18209
18098
18062
17737
17716
17370
16680
16540
16452
16068
15735
15602
15405
15344
15052
15051
14407
14005
13956
13881
12768
12683
12498
12435
12243
12087
11951
11444
11282
11242
11162
10292
10242
10179
9975
9686
9584
9549
9458
9405
9301
9299
9158
9126
9047
8990
8834
8577
8459
8416
8346
8210
7964
7887
7712
7657
7645
7603
7575
7490
7474
7387
7308
7207
6970
6938
6770
6683
6611
6525
6523
6404
6049
6041
82672
71817
70573
44493
38118
37355
33750
33008
30902
25793
21857
19910
19371
14353
14303
13527
11217
11170
10179
8253
7980
7898
7889
7417
6891
6152
658893
853382
430332
358699
341815
262372
253693
235563
188107
176013
174110
169854
169007
164626
153186
148047
134989
128460
127952
125117
117103
113920
110703
110020
106105
105838
104031
103483
102346
99883
98895
98621
91732
91457
91332
91256
86890
86784
82604
80600
79019
78881
78490
78442
78113
75371
73124
71050
70918
70626
69995
69100
68887
67908
66722
65524
65055
64569
63793
63011
61485
61420
60681
60380
60076
59764
58742
58536
57586
57525
57439
56148
56061
55271
54392
54214
54116
53193
53068
52769
51919
51442
51227
51003
50946
49416
49299
47105
47084
44893
44557
44321
44092
43800
43664
43601
43214
43005
42225
41163
41073
39407
39157
39086
39075
39051
38746
38704
38020
37924
37681
37451
37097
37033
37015
36733
36703
36627
36371
36154
35819
35696
35545
35529
35282
34923
34743
34699
34410
34169
33649
33365
33145
31996
31973
31503
31378
31203
30962
30943
30791
30695
30600
29862
29442
29429
29362
29194
28996
28921
28509
28131
27126
26995
26918
26707
26116
26079
26071
25704
25558
25419
24978
24964
24513
24376
24318
24310
24252
24239
24154
24039
23961
23859
23658
23555
23467
23355
23344
23131
23127
23120
23096
23092
23081
22955
22834
22788
22758
22753
22711
22685
22665
22655
22612
22403
22178
22079
22072
22038
21998
21804
21747
21730
21728
21558
21528
21524
21477
21339
21290
21121
21024
20968
20788
20602
20434
20334
20315
20078
20039
20019
19879
19792
19648
19525
19514
19455
19344
19258
19251
19031
18989
18889
18470
18420
18357
18164
18061
18036
17923
17596
17419
17234
17208
16898
16824
16823
16635
16520
16460
16389
16323
16323
16197
16017
15997
15969
15921
15870
15801
15651
15642
15527
15452
15369
15313
15140
15047
15006
14930
14914
14863
14531
14518
14455
14415
14395
14387
14381
14372
14321
14234
14195
14087
14055
14000
13986
13963
13949
13913
13877
13854
13841
13791
13597
13535
13488
13467
13355
13343
13273
13224
13182
13082
13060
13031
13014
13008
13007
12924
12593
12556
12483
12450
12408
12397
12390
12310
12267
12243
12231
12198
12183
12158
12103
12100
12062
12039
11994
11846
11838
11765
11707
11569
11535
11528
11523
11521
11491
11400
11398
11323
11313
11192
11111
11074
11056
11056
10996
10981
10953
10911
10907
10861
10859
10834
10805
10757
10702
10662
10460
10433
10418
10387
10372
10351
10337
10239
10103
10091
10049
10036
9989
9919
9835
9765
9754
9732
9650
9624
9598
9598
9590
9561
9496
9460
9445
9355
9249
9221
9060
9054
9052
8917
8892
8879
8759
8758
8708
8700
8676
8623
8622
8606
8541
8524
8503
8483
8448
8445
8401
8339
8334
8303
8287
8287
8268
8171
8151
7975
7914
7871
7848
7833
7778
7761
7722
7704
7696
7689
7646
7622
7616
7604
7579
7570
7529
7470
7456
7427
7406
7406
7376
7359
7340
7307
7267
7224
7181
7180
7173
7162
7143
7138
7134
7125
7109
7104
7070
7058
7056
7031
7010
6983
6982
6969
6968
6964
6874
6811
6810
6760
6750
6732
6706
6705
6641
6565
6554
6542
6539
6528
6474
6428
6417
6403
6388
6373
6346
6332
6326
6287
6220
6195
6153
6146
6123
6100
6083
6029
6007
456002
196741
185888
169756
144352
136381
119648
101908
94089
89981
85116
83102
75769
73271
63038
60014
59317
56595
54958
51522
48000
42663
40565
40456
37115
36662
36306
36203
36163
35997
35795
35488
35063
34815
34147
33529
33015
32523
32400
30557
30395
30367
30212
29011
28838
27823
27669
27619
27581
26690
26083
24801
23626
23329
23025
23004
22251
22178
21867
20821
20427
20380
20015
19439
19211
18949
18947
18700
18164
18098
17949
16769
16725
16701
16698
16416
16349
16283
16222
16182
16112
16052
15903
15718
15669
15491
15369
15214
15152
15144
15138
15128
15063
14930
14700
14663
14598
14590
14568
14507
14166
14142
13696
13667
13664
13392
13326
13132
12746
12743
12629
12543
12508
12496
11823
11665
11268
11229
11177
11022
10939
10887
10861
10714
10670
10631
10575
10574
10476
10309
10285
10237
9867
9817
9806
9796
9749
9734
9723
9638
9590
9407
9090
9039
8994
8952
8952
8944
8727
8620
8545
8341
8306
8257
8225
8141
7846
7747
7721
7684
7663
7625
7584
7509
7472
7446
7432
7348
7305
7254
7249
7169
7167
7152
7135
7112
7080
6995
6985
6920
6792
6792
6791
6769
6762
6724
6670
6669
6618
6580
6547
6466
6406
6385
6337
6290
6266
6228
6227
6188
6097
6025
374701
350399
279683
121180
49914
47698
43263
38216
34597
33155
27629
26337
22690
21039
20881
19409
18248
17821
16370
15313
15253
15186
14955
14525
14014
13730
13511
13177
12666
11975
11704
11674
11404
10724
10699
9986
9977
9884
9644
9517
9488
9338
9212
8841
8810
8538
8361
8278
8118
7574
7479
7261
7184
7013
6920
6768
6455
6362
6251
6138
6108
216282
88211
87743
58691
54292
50224
47912
46528
32482
29896
27094
24767
24416
22502
18120
16999
14685
14229
13946
13870
13780
12022
11814
11420
11189
10480
9573
8076
7760
7422
7295
7283
6599
6420
2722389
200456
149123
147928
146128
116809
115828
111117
88915
84513
84354
78730
76024
75658
74896
74180
74010
69387
65112
58947
58666
57280
57034
56693
54951
54594
53644
52347
52008
49715
46767
45751
44054
43893
42685
42529
42138
42044
41701
41632
40805
40493
40349
40345
39679
38642
38476
38407
38010
37856
37297
37213
34530
33824
33655
33387
33379
33378
33099
32243
31659
31562
31207
30436
30410
30395
30000
29871
29218
29183
29069
28893
28522
28174
28012
27763
27507
27446
27177
26860
26672
26630
26424
26324
25911
25603
25511
25426
25347
25282
25178
25119
24963
24954
24883
24851
24758
24364
24279
24264
24133
23785
23551
23497
23375
23307
23036
23030
22827
22530
22315
22299
22226
22144
22038
22034
21838
21742
21175
21018
20771
20512
20054
19935
19464
19447
19427
19379
19301
19159
19156
19152
19023
18943
18536
18534
18487
18446
18428
18404
18385
18211
18096
17991
17782
17753
17627
17446
17438
17342
16901
16865
16807
16661
16569
16499
16491
16418
15816
15759
15677
15285
15177
15011
14911
14674
14588
14468
14434
14411
14307
14196
14182
14177
14162
14135
13988
13945
13896
13751
13665
13651
13604
13336
13289
13284
13100
13022
12947
12907
12852
12742
12688
12687
12616
12597
12596
12577
12490
12372
12212
11857
11599
11447
11317
11208
11194
11175
11029
10971
10838
10773
10761
10603
10578
10545
10373
10355
10271
10198
10178
10121
10016
9996
9894
9569
9557
9527
9522
9390
9382
9328
9313
9276
9230
9192
9062
9036
9026
9026
8967
8923
8914
8881
8825
8800
8675
8658
8631
8532
8498
8421
8227
8195
8181
8108
8065
8056
8031
7959
7955
7903
7879
7875
7869
7826
7811
7719
7622
7592
7556
7554
7526
7508
7440
7415
7410
7391
7371
7334
7302
7292
7277
7254
7095
7078
7034
7016
6984
6930
6885
6818
6730
6698
6537
6423
6390
6297
6215
6185
6135
6089
6023
6021
6020
6005
848788
258522
120346
101190
86682
86325
83322
78384
77909
70654
70211
60956
57584
57085
55455
54491
51421
48174
47550
46440
46124
36760
36589
36159
35450
35297
32369
32267
32109
31487
30465
30409
29308
28990
28926
28635
28623
25734
24356
23322
23127
23103
22007
21879
21398
19163
19094
18032
18019
17653
17166
16516
16169
16153
16117
15988
15971
15836
15608
15325
14514
14280
13403
13355
13032
12834
12183
12175
12101
12035
12020
11854
11817
11744
11220
11079
10433
10362
10095
9969
9905
9593
9576
9432
9402
8829
8624
8608
8480
8114
8066
8054
7257
7033
6715
6662
6636
6627
6573
6541
6475
6319
6236
6235
6204
6164
6158
6119
6042
6042
6032
209220
129195
102448
82517
73415
68364
63325
63266
62245
58436
53801
43150
40859
36774
35122
27727
27458
26246
25539
24682
24594
23888
20359
20349
17705
17052
16105
15386
15305
15150
12633
11541
11206
10895
10764
10692
10337
10106
10007
9859
9786
9764
9750
9159
9069
8647
8390
8151
7957
7839
7788
7682
7513
7389
7349
7244
7157
6842
6779
6181
6162
6151
6121
6012
388413
184525
149636
133062
127215
92763
64599
56078
51042
47867
41642
36000
34395
28117
27004
24665
24560
23234
21877
21044
21012
20667
20394
19120
15840
13189
12879
12509
12403
12258
12205
11713
11290
11112
10771
10174
9876
9501
9295
9242
9162
8927
7942
7874
7761
7556
7553
7284
7057
6963
6840
6590
6303
6289
6160
6038
310797
286518
262764
62479
58374
40944
33556
32634
31888
31653
29974
29097
28900
27557
26949
26433
26378
24978
23531
22952
21335
21162
19622
18647
18630
18443
18325
18261
17911
17198
16620
16329
15926
15643
15547
15426
14985
14658
14339
13685
13050
12998
12246
12202
11944
11856
11422
11311
11282
11093
10124
10122
9872
9747
9411
9054
9036
8991
8851
8790
8741
8695
8516
8507
8361
8266
8126
8002
7944
7942
7853
7592
7525
7515
7457
7429
7426
7422
7405
7327
7308
7194
7178
7067
7050
7038
6978
6872
6728
6365
6279
6249
6199
6161
6123
6095
384320
228895
198242
138481
126066
74889
67472
67064
49601
48175
34124
33141
30745
29872
28119
27622
26895
23319
22301
20363
20348
20206
19355
18399
18384
17845
16751
16617
16377
16219
14603
14425
13776
13494
13189
12985
12808
12679
12446
12352
12236
12119
12080
11943
11926
11557
11535
11507
11193
11006
10881
10799
10580
10457
10356
10330
10243
10193
10183
10097
10015
9772
9766
9686
9334
9038
8910
8679
8545
8453
8327
8195
8122
8039
7810
7751
7723
7706
7676
7635
7400
7368
7287
7181
7104
7041
6993
6980
6963
6907
6853
6528
6261
6238
6180
6107
6092
66666
36299
32568
25424
22912
21337
20906
19014
18705
17886
17001
16182
15175
12529
11185
9874
9589
9474
9317
9317
9015
9009
8624
8324
8034
7871
7843
7794
7761
7693
7693
7220
7219
7211
6882
6677
6297
6204
6031
622793
99615
86395
71452
68400
67752
67639
66816
65937
65834
63597
61910
60858
57646
55197
48759
48284
47709
44965
44231
43828
41567
40364
39262
38856
38740
37879
37634
37132
36653
35970
34746
33844
33513
32563
32430
32256
32032
30764
30734
30622
30568
30531
29941
29867
29042
28474
27348
26160
26112
25968
25825
25562
25333
25191
24410
24333
24287
24125
23741
23717
23681
23476
23106
23078
20776
20483
20235
19477
19407
19257
19096
18858
18755
18724
18420
18274
18140
17724
17722
17670
17403
17295
17287
17242
16772
16746
16675
16469
16464
16370
16093
15922
15852
15593
15509
15434
15257
15147
15126
15086
14647
14627
14373
14343
14182
14037
13766
13529
13512
13485
13466
12790
12708
12677
12616
12569
12564
12515
12502
12353
12275
12159
11923
11857
11710
11626
11420
11302
10967
10950
10898
10709
10701
10697
10573
10519
10324
10264
10157
9925
9899
9895
9776
9583
9552
9514
9513
9438
9388
9350
9327
9250
9175
9031
9023
8988
8958
8876
8823
8790
8749
8747
8729
8684
8669
8543
8462
8430
8409
8323
8298
8122
7945
7911
7852
7692
7291
7266
7266
7244
7153
7137
7089
7054
7019
6918
6803
6802
6755
6752
6719
6661
6582
6504
6449
6439
6425
6363
6290
6109
6102
6058
6043
655884
183016
153991
109945
109694
94845
94779
93397
92137
88712
88287
78901
78197
68318
63014
62488
60859
58732
57437
56544
55795
55643
54393
54157
52376
49112
47607
44231
43970
43697
42844
42824
41608
41150
40952
40445
40243
40124
39612
39272
38861
37819
37362
35608
34127
34032
33951
33802
33006
32836
32112
32079
31394
29626
29457
28961
28886
28772
28712
28627
28616
28602
28582
28554
28352
27982
27969
27003
26962
26628
26493
25055
24932
24747
24729
24729
24498
23793
23184
23116
23112
22325
21951
21924
21822
21561
21437
21374
21103
20381
19808
19298
19065
19031
18352
18165
17926
17837
17765
17668
17659
17514
17489
17368
17346
17061
16825
16794
16593
16324
16188
16036
15985
15873
15865
15784
15720
15707
15532
14907
14892
14618
14489
14006
13879
13794
13787
13768
13722
13619
13547
13457
13383
13354
13320
13261
12994
12981
12752
12457
12243
12174
11608
11596
11509
11412
11390
11292
11261
11227
11092
10970
10955
10791
10602
10506
10303
10293
10106
9767
9502
9026
8987
8963
8924
8870
8762
8560
8471
8437
8265
8264
8183
8055
8013
7891
7841
7808
7764
7669
7542
7542
7518
7494
7446
7389
7360
7319
7277
7152
7086
6916
6819
6756
6704
6666
6590
6569
6520
6483
6459
6411
6362
6338
6170
6167
6103
6081
6045
6038
6028
6012
680250
193792
135099
131741
117770
114620
99002
95535
94958
83107
82314
81435
75922
74826
73490
73473
73125
73002
68294
65149
61594
60036
59808
59069
58416
56415
51833
50764
49844
49678
48648
47837
47598
43211
41957
38393
37231
34149
33644
33200
32654
30267
29834
29416
29168
28974
27566
27052
26751
25971
25867
25151
24786
24468
24081
24050
23973
23925
23496
22099
21845
21441
21369
20840
20757
20256
20198
20081
19220
18427
17579
17091
16604
16538
16408
15857
15835
15273
15042
14779
14622
14541
14370
13959
13907
13744
13280
12995
12594
12413
12269
12222
12049
11713
11463
11439
11400
11288
11258
10965
10901
10811
10799
10554
10483
10448
10443
10441
10375
10335
10247
10232
10088
10018
9953
9854
9793
9598
9311
9285
9232
9158
9056
8933
8762
8653
8517
8458
8431
8400
8325
8319
8316
8267
8149
8135
8078
8033
7971
7932
7792
7745
7636
7631
7618
7554
7323
7302
7249
7129
7035
6969
6950
6816
6587
6532
6461
6433
6423
6357
6352
6340
6195
6098
6058
6014
407207
297640
111402
86314
86238
78728
75057
66945
66807
66389
66084
63228
62112
61630
61190
59866
51486
50487
49596
47502
40411
40199
39857
39677
36179
35630
35319
34709
31996
30729
29208
28033
27670
27384
26194
25625
25598
25039
24986
24967
24838
24716
23828
23746
23594
22998
22605
22571
22566
22266
20948
20866
20792
20487
20356
19806
19675
19570
19399
18800
18056
17815
17276
17087
16523
16470
16302
15912
15888
15047
14453
14320
14239
13872
13641
13432
13425
13348
13304
13258
13143
13136
12932
12657
12393
12224
12081
11774
11680
11642
11570
11222
11097
10360
10328
10228
10160
9876
9704
9302
9272
8961
8960
8656
8651
8649
8374
8324
8323
8306
8201
8064
7920
7898
7826
7781
7557
7546
7469
7359
7281
6902
6885
6820
6668
6464
6171
6074
6046
171155
71750
51824
47016
44984
40196
35688
35457
32704
26766
26388
25455
25411
24886
24221
23392
23248
23156
22224
21757
18868
18596
17530
17011
15730
15448
15290
15269
14865
13713
13671
12956
12703
12470
12412
11556
11388
11366
11093
10962
10749
10727
10078
8804
8708
8556
8180
7928
7730
7574
7439
7402
7237
7144
7107
7071
6419
6325
6319
6079
470800
317419
165378
117494
116906
93864
84009
76967
68090
56076
53573
52303
51316
47777
43132
39167
36143
35820
35115
33912
30505
30376
29481
28380
27660
27405
26800
25666
25290
23186
23165
21492
21243
21086
20570
20307
19963
19963
19926
19650
19184
18871
18197
17915
17893
17868
17633
17242
16645
16421
16370
15985
15882
15680
15061
15014
14737
14677
14650
14271
14020
13890
13236
13042
12955
12864
12783
12275
12134
12007
11951
11885
11782
11664
11488
11355
11340
11075
10975
10859
10807
10796
10572
10543
9983
9762
9504
9261
9253
9107
9084
9015
8934
8690
8618
8576
8534
8527
8495
8394
8374
8295
8250
8068
8043
7969
7959
7873
7845
7660
7580
7450
7113
7054
7031
6977
6976
6935
6475
6471
6205
6098
108869
69821
59152
41660
33980
31633
29943
21518
12251
9792
9319
9150
8758
8227
7883
7798
7757
7626
7616
7245
6936
6864
6826
6797
6674
6473
446599
272996
53936
51236
32469
26500
24915
24444
24327
23270
22630
17636
14875
13360
12055
10994
10146
8519
8372
7986
7957
7611
7265
7216
7128
7034
6914
6487
6486
6169
613599
277440
236995
230788
223167
189372
178395
108481
94708
65029
54522
40467
38585
36441
27978
26247
24085
20300
19299
19204
16970
15386
15064
13620
12361
11844
11844
11312
11024
9553
8964
8544
8349
8158
8001
7445
7326
7323
6924
6490
110448
87259
42444
30665
29991
28776
25494
23034
22015
21598
21203
17651
16067
13592
13589
13074
12897
11777
11201
11037
10345
9656
9501
9242
8835
8785
8693
8636
8576
8523
8428
8271
7684
7609
7519
7356
7336
7255
7230
7126
7115
6751
6025
6014
280579
262146
146753
128705
101207
88791
85927
84034
77332
71509
68668
65975
65078
61171
58920
57080
54050
53805
53657
53312
52597
52328
50955
48440
46288
45262
44519
43629
41837
41651
39415
39274
37837
37594
37026
36909
36434
34877
33549
31907
31486
30890
30522
30108
28528
28497
27670
27406
27308
26832
26590
26562
26208
25503
25496
25347
24654
24114
23960
23753
23170
22583
22430
22083
22071
22029
21605
21551
20471
20467
20374
19390
19265
19187
19085
19048
19007
18695
18665
18464
18416
18313
17898
17863
17795
17417
17011
16678
16514
16468
16334
16142
16122
15778
15723
15567
15376
15187
14816
14800
14765
14684
14570
14518
14501
14436
14334
14317
14217
14206
14171
13962
13888
13834
13826
13613
13595
13319
13295
13230
13165
13159
13137
13046
12996
12949
12831
12784
12445
12422
12403
12377
12343
12257
12153
12147
11980
11973
11940
11901
11888
11829
11626
11579
11565
11481
11454
11447
11411
11374
11367
11317
11297
11289
11253
11223
11166
11149
11116
10937
10937
10904
10903
10866
10837
10772
10756
10743
10597
10482
10482
10464
10388
10381
10133
10016
9947
9916
9872
9799
9798
9746
9551
9518
9494
9483
9452
9339
9336
9239
9152
9139
9022
8968
8941
8895
8853
8841
8836
8763
8718
8710
8707
8669
8620
8604
8592
8512
8493
8471
8450
8447
8412
8376
8376
8356
8352
8332
8327
8307
8302
8178
8161
8153
8148
8098
7907
7878
7756
7716
7690
7681
7657
7617
7546
7443
7417
7382
7375
7362
7333
7305
7258
7242
7186
7162
7144
7124
7063
7052
7032
6978
6944
6856
6837
6826
6789
6783
6612
6536
6535
6483
6466
6333
6248
6242
6200
6135
6048
6021
557169
101408
93820
70297
48608
44445
40976
39860
37118
31060
28982
28103
26463
24465
22469
15400
15206
14631
14605
13518
12233
12019
11842
11840
11333
10733
10172
10130
9899
9318
9241
8855
8818
8751
8564
8374
8295
7875
7824
7638
7323
7262
7175
6671
6419
6326
6302
6240
6204
6130
6103
6063
6061
8491079
2538705
2277251
1621897
1383871
481026
258703
226322
209983
200667
144263
126595
122366
98566
88400
84187
79637
75178
68458
65936
61332
60664
58206
58035
56346
55527
51881
51692
49910
49219
49212
46462
46299
44711
43724
43304
43213
42581
41592
41547
39113
38132
37832
36705
36609
36242
36124
36081
35303
34450
34305
33710
33664
33656
33559
33198
33029
32645
32510
32109
31632
31578
30929
30720
30673
30513
30429
29522
29480
29320
29029
28647
28625
28400
28358
28335
28151
28043
27901
27854
27745
27728
27590
27436
27321
27314
27195
27048
27019
26892
26470
26337
26217
25838
25359
24759
24191
24142
24058
24033
23557
23101
22993
22616
22469
22246
22097
21782
21759
21685
21571
21535
20882
20743
20652
20434
20374
20217
20155
19941
19856
19851
19740
19714
19558
19554
19302
19164
19082
19069
19028
18985
18944
18871
18862
18829
18689
18667
18412
18404
18135
18117
18046
18028
17988
17955
17886
17882
17862
17729
17569
17509
17282
17206
17121
17118
16853
16628
16429
16356
16258
16218
16212
16173
16000
15967
15876
15846
15730
15633
15481
15481
15477
15339
15329
15308
15294
15236
15205
15122
15077
15019
14976
14965
14965
14899
14874
14832
14765
14728
14621
14519
14486
14475
14428
14332
14314
14244
14238
14175
14142
14059
14043
14014
13838
13742
13740
13603
13567
13507
13387
13338
13336
13299
13258
13185
13160
13157
13083
12955
12870
12794
12671
12646
12492
12411
12364
12339
12327
12272
12216
12172
12172
12147
12118
12093
12085
12075
12023
11960
11941
11849
11841
11825
11809
11652
11648
11647
11545
11537
11446
11317
11252
11241
11192
11177
11103
11098
10993
10991
10895
10863
10792
10723
10488
10483
10417
10315
10294
10233
10224
10208
10180
10136
10118
10008
9896
9799
9792
9776
9662
9617
9565
9553
9522
9512
9471
9450
9449
9422
9316
9216
9212
9152
9122
9107
9045
9041
8982
8957
8922
8907
8902
8896
8878
8858
8817
8808
8714
8699
8648
8638
8619
8594
8570
8562
8530
8509
8501
8494
8443
8404
8389
8384
8378
8377
8369
8363
8324
8282
8235
8140
8114
8102
8080
8037
8023
7991
7975
7974
7913
7901
7890
7838
7835
7806
7803
7775
7719
7691
7681
7660
7612
7592
7580
7558
7411
7351
7350
7327
7284
7266
7246
7238
7225
7154
7127
7093
7080
7071
7025
7018
7009
7006
7002
6984
6982
6966
6924
6918
6882
6878
6868
6858
6855
6840
6821
6819
6817
6790
6785
6780
6771
6763
6748
6736
6707
6700
6699
6678
6677
6674
6673
6672
6666
6651
6623
6616
6613
6601
6601
6592
6581
6577
6576
6553
6510
6486
6484
6455
6446
6427
6418
6397
6293
6264
6208
6177
6138
6111
6075
6066
6021
6010
6007
809958
439896
282586
251893
239269
203948
155227
113657
108629
89852
87882
85560
73698
69047
59376
56325
51812
51567
49395
45245
43907
40143
36693
36360
35947
35300
34331
33710
30291
30157
30008
29731
29116
27814
27481
27002
25886
25722
25076
23739
22772
22644
21716
21392
20984
20706
20276
19522
19257
18445
18130
18047
17920
17015
16690
16301
15976
15593
15495
15434
15407
15265
14968
14479
14215
14132
14073
14016
13958
13871
13650
13370
13342
13293
13277
13235
13005
12750
11981
11735
11539
11310
10753
10732
10644
10456
10383
10322
9789
9761
9710
9630
9511
9276
9258
8875
8787
8759
8713
8352
8304
8273
8236
8215
8192
8145
8113
7885
7718
7692
7487
7419
7411
7345
7324
7131
7085
6944
6931
6887
6766
6697
6662
6604
6513
6442
6388
6283
6257
6228
6204
6182
6060
6042
115863
68896
56057
47997
31771
24562
22322
20820
15446
7903
7288
6676
835957
389521
298165
281031
197859
141003
80015
72297
65062
63776
62486
59956
55705
53972
50926
49210
48791
47893
47839
46870
46824
45934
45181
44654
44214
42770
41098
40633
39595
38519
38265
38162
37667
37372
36711
36620
35376
34773
34609
34604
34257
33329
32465
32424
32274
32130
31871
31613
31591
30327
29677
29639
28229
27790
26540
26523
26302
25917
25911
25564
25372
25346
25040
24171
24024
23915
23204
23075
22735
22708
22453
22448
22302
22078
21893
21869
21782
21738
21368
20905
20759
20434
20433
20330
20326
20218
20196
20092
19840
19408
19405
19254
19167
18986
18965
18886
18849
18837
18778
18723
18558
18508
18321
18303
18017
17739
17527
17490
17438
17432
16898
16788
16776
16481
16448
16238
15751
15734
15435
15192
15139
14407
14384
14292
14085
14036
14009
13954
13733
13581
13517
13469
13457
13455
13446
13286
13279
13203
13182
13170
13167
13037
13018
12857
12813
12805
12741
12741
12692
12584
12511
12405
12375
12260
12149
12143
12087
12042
11973
11948
11811
11797
11702
11643
11585
11579
11524
11212
11107
10995
10951
10947
10859
10768
10675
10668
10532
10497
10495
10485
10479
10478
10456
10441
10440
10373
10354
10175
10056
9858
9818
9673
9405
9362
9202
9187
9147
9088
9083
9058
9032
8936
8883
8682
8646
8547
8473
8456
8441
8427
8366
8325
8261
8259
8251
8242
8059
8033
7704
7695
7620
7572
7426
7412
7390
7377
7322
7281
7244
7154
7136
7045
7036
7031
7021
6981
6968
6963
6892
6819
6814
6788
6782
6561
6554
6550
6499
6498
6447
6437
6436
6413
6391
6365
6351
6329
6312
6284
6205
6127
6094
6079
6077
6061
6009
620602
399682
118040
104726
102211
97017
88605
72697
59196
57039
51386
48406
38616
36498
33773
31254
25349
25226
24766
24008
23792
23173
22008
20850
20432
19951
19638
19580
19553
19531
18971
18247
18153
17377
17130
17041
16496
16334
14220
13671
12963
12680
12227
12128
12014
11992
11989
11855
11275
11096
10669
10408
9511
9505
9445
9324
9155
8691
8665
8650
8612
8598
8211
8107
8049
7868
7788
7638
7486
7157
7114
7010
6917
6734
6723
6717
6698
6631
6583
6542
6340
6334
6079
6070
6023
619360
248034
161637
160561
109892
99393
95109
84080
78557
62062
60263
54953
51980
50787
49425
37999
37303
35272
35266
33393
31857
30810
27941
26907
26289
24734
23096
22692
22026
21903
21119
20684
20646
20640
19936
19517
19257
18978
17724
17319
17137
17010
16904
16629
16552
16508
16039
15982
15947
15102
14947
14546
13415
13061
13026
12365
12351
12185
12113
12054
11888
11715
11623
11559
11333
10982
10893
10786
10309
10116
9950
9845
9801
9543
9521
9493
9469
9316
9258
9218
9133
9074
9013
8768
8753
8506
8422
8300
8036
8001
7975
7848
7846
7762
7722
7515
7512
7476
7350
7315
7286
7088
7005
6978
6856
6674
6605
6564
6554
6533
6492
6472
6407
6346
6323
6065
1560297
305412
119104
99452
87812
75281
75135
59302
52983
49082
45558
44614
43865
42100
40814
34484
34133
32257
31469
31041
31024
29197
28361
28285
28043
27973
27661
27532
27052
26134
25573
24932
23802
22684
22575
21552
20602
20184
20175
20162
19936
19740
19561
19229
19189
18916
18536
16704
16599
16487
16477
16118
15813
15726
15454
15390
14925
14842
14727
14571
14269
14257
14194
13940
13896
13837
13791
13669
13644
13551
13527
13416
13369
13238
13229
13164
12994
12875
12796
12793
12624
12455
12414
11712
11611
11531
11525
11372
11335
11305
11232
11218
10982
10789
10760
10695
10641
10603
10564
10472
10421
10383
10316
10301
10227
10064
9950
9915
9862
9765
9736
9673
9660
9624
9595
9563
9485
9477
9410
9400
9397
9294
9286
9244
8981
8969
8949
8924
8906
8881
8870
8797
8777
8758
8740
8631
8552
8515
8484
8482
8466
8440
8433
8384
8378
8323
8307
8300
8297
8284
8273
8216
8215
8194
8129
8073
8008
7936
7912
7895
7892
7827
7822
7814
7685
7682
7633
7632
7578
7529
7514
7436
7426
7271
7233
7214
7174
7152
7152
7075
7037
7034
6982
6906
6899
6895
6763
6742
6739
6720
6717
6706
6694
6678
6668
6661
6636
6592
6563
6512
6506
6484
6477
6475
6457
6437
6426
6391
6350
6334
6333
6330
6319
6227
6202
6189
6177
6163
6151
6111
6092
6067
6064
6046
6006
179154
81963
81037
71499
47331
41228
35014
33506
32691
30639
29788
28769
26486
24089
22139
21430
21105
19328
17936
17389
16572
16150
15955
15868
13146
11967
11769
11547
10611
10329
9746
8658
8487
8188
7934
7827
7708
7557
6974
6425
6135
132067
130113
106749
77796
69967
66450
62252
49247
46974
40929
40370
40039
37961
37525
37514
30258
29992
27676
27181
24823
23236
22796
22300
21617
21462
21300
20622
20549
20493
20175
20125
19952
19893
19865
17927
15920
15199
15174
15144
15072
14295
14229
14140
14062
13999
13790
13553
13223
13204
13130
13087
13038
12951
12811
12597
12102
11893
11870
11431
10603
10291
10268
10205
9617
9460
9303
9286
9209
9182
9155
9120
9054
8960
8960
8841
8833
8641
8619
8468
8450
8350
8326
8246
8220
8219
8134
8041
8038
7869
7852
7639
7618
7547
7542
7434
7123
7030
6976
6803
6751
6732
6668
6658
6586
6304
6299
6296
6206
6123
168586
72638
27800
23225
22057
15693
14552
14054
13163
11091
10699
9779
9233
8260
7126
6741
656861
644014
620916
184281
173778
146806
120954
70612
67319
65813
58264
55153
53028
48655
45274
43182
40982
39267
36071
34274
34269
33347
31335
29427
29387
29304
29303
28329
28138
26729
26101
21687
21317
21037
20899
19335
18899
17510
16991
16839
16752
16355
16267
15507
15187
15078
15035
14993
14680
14271
13664
13620
13441
13271
13190
12940
12703
12684
12564
12218
11822
11784
11636
11634
11534
11371
11330
11323
11322
11119
11080
11042
10919
10840
10760
10745
10729
10666
10498
10349
10156
10095
9974
9889
9888
9830
9586
9488
9059
9034
9010
8935
8753
8592
8547
8519
8411
8370
8348
8306
8257
8224
8002
7914
7834
7825
7818
7793
7769
7726
7625
7594
7422
7395
7332
7316
7237
7231
7148
7131
7102
7078
7053
6989
6937
6934
6912
6906
6880
6863
6822
6811
6752
6736
6697
6685
6660
6652
6648
6640
6618
6544
6543
6513
6436
6423
6365
6335
6313
6219
6132
6055
6033
6021
2239558
1436697
1281047
912791
812238
679036
472730
464301
383204
320434
288750
278480
252309
243839
235501
232406
197254
185453
183046
156767
153887
145035
144416
138596
138154
130194
128353
128205
128037
124914
120958
117585
114597
112744
111383
108617
105114
103483
103441
102889
101421
98975
94403
94179
93921
93847
86777
86658
83014
82431
81593
80913
76127
75382
71908
71710
70765
69650
68529
66394
66094
65914
65871
65844
63574
62246
59102
58892
58407
54644
54548
54298
53630
51934
50844
50134
49608
48908
48341
48084
47363
46639
45913
44421
43924
43913
41818
41785
41352
40678
40554
40435
39943
39707
38733
38453
38289
38248
37601
37315
37225
36896
36894
36825
36501
36174
36141
36079
35414
35039
34468
34172
33719
33687
32943
32909
32881
32560
32344
29848
29589
29086
28526
28472
28329
27769
27604
27540
27041
26529
26187
26180
25525
25280
25120
24952
24939
24895
24701
24506
24396
24345
23989
23681
22942
22934
22925
22907
22905
22707
22419
21764
21703
21573
21430
21262
21170
21166
21132
21054
20934
20879
20836
20644
20230
20128
19721
19595
19472
19395
19374
19332
19224
19069
18972
18913
18823
18399
18393
18344
18295
18274
18252
17536
17536
17368
17108
16896
16591
16561
16483
16448
16412
16297
16151
16095
16021
15995
15975
15963
15915
15872
15869
15753
15723
15616
15604
15591
15521
15497
15457
15362
15216
15186
15116
15016
15013
14948
14937
14920
14876
14675
14572
14432
14416
14227
14166
13954
13721
13685
13604
13603
13497
13447
13303
13245
13232
13106
12978
12860
12835
12819
12795
12792
12755
12552
12491
12399
12382
12312
12191
12120
12018
11985
11915
11913
11657
11577
11571
11560
11542
11538
11530
11461
11416
11392
11299
11227
11178
11142
11117
11115
11015
10921
10920
10886
10809
10805
10765
10757
10571
10531
10323
10184
10147
10088
10058
10042
9918
9852
9719
9639
9638
9456
9440
9260
9213
9056
9052
9023
8960
8950
8919
8906
8864
8812
8760
8659
8622
8619
8599
8591
8528
8483
8482
8461
8442
8364
8361
8350
8326
8257
8192
8173
8140
8071
8044
8041
7999
7924
7923
7906
7856
7806
7757
7745
7721
7671
7637
7617
7601
7522
7513
7501
7465
7461
7442
7429
7394
7351
7344
7308
7247
7223
7206
7190
7165
7149
7086
7063
6982
6974
6963
6958
6920
6914
6892
6874
6822
6791
6714
6703
6699
6692
6663
6633
6617
6564
6554
6478
6447
6432
6408
6391
6383
6345
6339
6321
6318
6315
6286
6286
6275
6239
6222
6197
6188
6185
6182
6180
6153
6138
6092
6068
6053
6046
6030
6002
190884
179550
134495
114801
110920
106781
91781
91148
84316
78505
72231
62781
62139
60433
56275
48997
48822
46202
43385
41457
37877
37527
37064
35731
34166
32573
31725
31464
30484
29494
29483
28556
28152
27129
26639
26505
25593
24748
24356
24210
23790
23360
22159
21104
20833
19331
19193
18631
18172
17456
16852
16819
15032
13599
11601
11582
11558
11097
11014
10844
10723
10261
10204
10131
10106
9887
9874
9838
9626
9177
9071
8948
8592
8358
8107
8066
8058
8033
7902
7818
7775
7665
7518
7237
7066
6777
6731
6671
6580
6463
6329
6214
6172
6115
6069
42211
19587
18743
17067
15942
9952
9881
9074
8837
8698
7671
7414
7228
7144
6860
6588
6193
450980
245428
233371
217853
207627
182965
150575
136879
99428
96004
86806
79047
71135
65969
58404
52478
49496
48115
45593
44990
43985
43511
42444
42081
41058
41055
41008
36348
35725
35036
34166
32701
30484
30223
29207
28350
28287
27822
27543
25483
24922
24729
24554
24538
24483
24256
23643
23039
22855
22460
22196
21805
21366
20987
20226
19627
19570
19288
18610
18312
18245
17731
17646
17513
17411
17326
17288
17184
16713
16459
16366
16293
16203
16131
16045
16000
15801
15711
15556
15427
15212
15174
15038
14983
14796
14774
14691
14673
14598
13711
13601
13390
13173
12943
12442
12416
12313
12183
12068
12048
12030
11926
11921
11912
11849
11799
11481
11285
11267
11253
10804
10756
10072
9920
9907
9845
9785
9558
9504
9496
9402
9255
9235
9106
8929
8909
8803
8526
8480
8431
8375
8334
8287
8229
8188
8180
8166
8146
8133
8119
7993
7986
7942
7879
7753
7704
7690
7593
7571
7541
7462
7419
7335
7328
7319
7311
7274
7214
7177
7135
7100
7014
6855
6727
6682
6603
6559
6466
6389
6352
6094
668342
512735
212052
205159
169294
136426
125560
106736
98404
93425
93357
91729
85763
83365
77421
76347
68648
65087
62639
59610
59285
57513
56368
55174
53651
53019
52431
51229
50188
49218
47018
45446
40896
39400
39176
39105
39094
38572
36930
36687
36567
36483
35803
34056
33261
33132
32282
31910
31682
31011
30284
29878
28560
28126
27300
27227
27052
25465
25125
24326
23491
23293
22707
22494
22306
21839
21713
21220
20993
20891
20817
20101
20049
19920
19686
19556
19435
19256
19204
19200
19134
18930
18820
18809
18808
18805
18774
18719
18159
17899
16623
16607
16574
16255
16232
16140
15709
15645
15589
15473
15174
15021
14999
14867
14250
14205
13505
13495
13351
13266
13232
13184
13165
13065
12942
12704
12653
12630
12330
12168
11948
11859
11788
11609
11574
11548
11464
11420
11372
11201
11140
11140
11103
11046
10925
10882
10830
10811
10764
10674
10624
10258
10224
10222
10160
9934
9790
9777
9771
9749
9702
9677
9550
9544
9384
9313
9255
9048
8997
8996
8962
8931
8872
8809
8637
8568
8442
8413
8412
8389
8375
8223
8031
8018
7985
7922
7919
7905
7850
7777
7703
7639
7447
7444
7431
7385
7368
7360
7359
7355
7275
7266
7261
7236
7126
7079
6937
6825
6742
6739
6737
6658
6651
6615
6614
6578
6571
6545
6522
6497
6441
6434
6407
6371
6340
6326
6255
6221
6221
6220
6212
6179
6123
6099
6069
6054
6030
6012
50404
48807
31073
30981
27790
19362
18740
18006
17743
17238
16242
13214
13175
12110
10835
10562
10448
10445
9995
8891
8358
8175
7988
7749
7286
6837
6650
6396
6359
599642
245691
104891
99894
78065
73971
71489
67684
66621
64009
60624
52440
48775
47102
42917
39842
39302
37982
37157
36881
36278
35974
35053
33102
31752
31692
27154
26705
26658
26293
25855
24708
24621
24555
23891
23509
21236
20919
20400
19901
18987
18691
18671
18385
18341
17966
17604
17111
16536
16319
16237
15799
15215
15175
15040
14988
14332
14280
14122
13965
13943
13942
13415
13331
13067
13039
12887
12651
12430
12326
12281
12102
12085
12067
12003
11878
11586
11531
11506
11460
11437
11377
10897
10839
10813
10781
10740
10541
10309
10178
10157
9975
9871
9667
9597
9564
9547
9533
9466
9364
9328
9205
9169
9044
8679
8443
8433
8286
8182
8179
7955
7948
7921
7861
7859
7816
7778
7757
7746
7646
7601
7595
7497
7427
7388
7340
7216
7182
7166
7155
6981
6802
6755
6740
6691
6664
6565
6555
6278
6176
6102
6018
62845
60086
32081
31971
24157
24045
19309
17916
12630
12190
10953
10449
9740
9227
7642
6736
6423
6407
6088