10325
35317
22312
9606
9806
10744
13744
6167
14748
19814
17710
9144
7557
29351
24633
8552
7806
12703
16012
60211
6257
6130
17398
33064
19138
20702
96122
8529
14096
8993
9453
34124
9008
11175
7661
301010
19482
6415
12964
32469
32406
7850
7568
8245
14923
6304
8364
7570
6515
8900
6662
8197
8849
197706
87351
80621
76565
72210
66810
28625
28400
28358
28335
28151
28043
27901
27854
27745
27728
27590
27436
27321
27314
27195
27048
27019
26892
26470
26337
26217
25838
25359
24759
24191
24142
24058
24033
23557
23101
22993
22616
22469
22246
22097
21782
21759
21685
21571
21535
20882
20743
20652
20434
20374
20217
20155
19941
19856
19851
19740
19714
19558
19554
19302
19164
19082
19069
19028
18985
18944
18871
18862
18829
18689
18667
18412
18404
18135
18117
18046
18028
17988
17955
17886
17882
17862
17729
17569
17509
17282
10325
35317
22312
9606
9806
10744
13744
6167
14748
19814
17710
9144
7557
29351
24633
8552
7806
12703
16012
60211
6257
6130
17398
33064
19138
20702
96122
8529
14096
8993
9453
34124
9008
11175
7661
301010
19482
6415
12964
32469
32406
7850
7568
8245
14923
6304
8364
7570
6515
8900
6662
8197
8849
197706
87351
80621
76565
72210
66810
28625
28400
28358
28335
28151
28043
27901
27854
27745
27728
27590
27436
27321
27314
27195
27048
27019
26892
26470
26337
26217
25838
25359
24759
24191
24142
24058
24033
23557
23101
22993
22616
22469
22246
22097
21782
21759
21685
21571
21535
20882
20743
20652